3.060000000000000000e+02
1.400000000000000000e+02
7.000000000000000000e+00
3.000000000000000000e+00
1.400000000000000000e+02
8.800000000000000000e+01
3.000000000000000000e+00
3.300000000000000000e+01
0.000000000000000000e+00
8.800000000000000000e+01
1.512000000000000000e+03
3.300000000000000000e+01
1.960000000000000000e+02
0.000000000000000000e+00
1.512000000000000000e+03
9.700000000000000000e+01
3.200000000000000000e+01
1.960000000000000000e+02
9.700000000000000000e+01
9.439000000000000000e+03
7.000000000000000000e+00
3.200000000000000000e+01
1.853300000000000000e+04
9.439000000000000000e+03
1.150000000000000000e+02
7.000000000000000000e+00
1.320000000000000000e+02
1.853300000000000000e+04
1.150000000000000000e+02
4.138000000000000000e+03
5.000000000000000000e+00
1.320000000000000000e+02
4.138000000000000000e+03
2.030000000000000000e+02
5.000000000000000000e+00
3.800000000000000000e+01
2.030000000000000000e+02
7.000000000000000000e+00
3.800000000000000000e+01
1.432900000000000000e+04
1.309100000000000000e+04
7.000000000000000000e+00
1.432900000000000000e+04
7.000000000000000000e+00
4.334500000000000000e+04
1.309100000000000000e+04
2.019000000000000000e+03
7.000000000000000000e+00
4.334500000000000000e+04
1.123100000000000000e+04
3.000000000000000000e+00
2.019000000000000000e+03
1.123100000000000000e+04
4.158000000000000000e+03
3.000000000000000000e+00
2.347800000000000000e+04
4.158000000000000000e+03
2.800000000000000000e+01
1.000000000000000000e+00
2.347800000000000000e+04
6.430000000000000000e+02
2.800000000000000000e+01
1.000000000000000000e+00
3.000000000000000000e+00
4.400000000000000000e+01
6.430000000000000000e+02
3.000000000000000000e+00
2.107000000000000000e+03
2.700000000000000000e+01
4.400000000000000000e+01
1.100000000000000000e+01
2.107000000000000000e+03
2.700000000000000000e+01
7.000000000000000000e+00
1.100000000000000000e+01
3.200000000000000000e+01
1.163000000000000000e+03
7.000000000000000000e+00
3.200000000000000000e+01
2.000000000000000000e+01
1.000000000000000000e+00
1.163000000000000000e+03
2.000000000000000000e+01
5.600000000000000000e+01
5.015000000000000000e+03
1.000000000000000000e+00
5.600000000000000000e+01
1.328000000000000000e+03
5.015000000000000000e+03
3.000000000000000000e+00
4.510000000000000000e+03
1.328000000000000000e+03
7.600000000000000000e+02
3.000000000000000000e+00
1.000000000000000000e+00
4.510000000000000000e+03
7.600000000000000000e+02
7.100000000000000000e+01
3.900000000000000000e+01
1.000000000000000000e+00
7.100000000000000000e+01
5.400000000000000000e+01
3.900000000000000000e+01
2.186000000000000000e+03
5.000000000000000000e+00
5.400000000000000000e+01
2.186000000000000000e+03
0.000000000000000000e+00
5.730000000000000000e+02
5.000000000000000000e+00
2.800000000000000000e+01
0.000000000000000000e+00
5.730000000000000000e+02
6.600000000000000000e+01
2.800000000000000000e+01
2.843000000000000000e+03
1.039000000000000000e+03
6.600000000000000000e+01
6.021000000000000000e+03
2.843000000000000000e+03
3.993000000000000000e+03
1.039000000000000000e+03
4.000000000000000000e+00
6.021000000000000000e+03
3.993000000000000000e+03
1.600000000000000000e+01
1.700000000000000000e+01
4.000000000000000000e+00
1.600000000000000000e+01
2.200000000000000000e+01
4.000000000000000000e+00
1.700000000000000000e+01
2.200000000000000000e+01
2.200000000000000000e+01
4.000000000000000000e+00
8.000000000000000000e+00
2.200000000000000000e+01
1.600000000000000000e+01
8.000000000000000000e+00
5.000000000000000000e+01
1.600000000000000000e+01
1.000000000000000000e+00
7.100000000000000000e+01
5.000000000000000000e+01
1.098300000000000000e+04
1.000000000000000000e+00
7.100000000000000000e+01
2.800000000000000000e+01
1.098300000000000000e+04
1.000000000000000000e+00
2.760400000000000000e+04
2.800000000000000000e+01
1.000000000000000000e+00
2.000000000000000000e+00
1.000000000000000000e+00
2.760400000000000000e+04
6.430000000000000000e+02
2.000000000000000000e+00
1.000000000000000000e+00
4.400000000000000000e+01
6.430000000000000000e+02
1.544500000000000000e+04
4.400000000000000000e+01
3.000000000000000000e+00
1.544500000000000000e+04
2.771300000000000000e+04
4.700000000000000000e+01
3.000000000000000000e+00
3.900000000000000000e+01
2.771300000000000000e+04
4.700000000000000000e+01
7.540000000000000000e+02
5.600000000000000000e+01
3.900000000000000000e+01
1.244600000000000000e+04
7.540000000000000000e+02
5.600000000000000000e+01
8.300000000000000000e+01
1.244600000000000000e+04
6.300000000000000000e+01
6.000000000000000000e+00
8.300000000000000000e+01
9.400000000000000000e+01
6.300000000000000000e+01
2.000000000000000000e+00
6.000000000000000000e+00
9.400000000000000000e+01
3.064000000000000000e+03
2.000000000000000000e+00
3.650000000000000000e+02
1.000000000000000000e+00
3.064000000000000000e+03
3.650000000000000000e+02
4.652000000000000000e+03
1.000000000000000000e+00
7.420000000000000000e+02
4.770000000000000000e+02
4.652000000000000000e+03
7.420000000000000000e+02
8.300000000000000000e+01
4.770000000000000000e+02
3.000000000000000000e+00
8.300000000000000000e+01
1.000000000000000000e+00
1.480000000000000000e+02
3.000000000000000000e+00
1.260000000000000000e+03
1.000000000000000000e+00
1.480000000000000000e+02
1.040000000000000000e+02
1.260000000000000000e+03
1.200000000000000000e+01
1.630000000000000000e+02
1.040000000000000000e+02
6.430000000000000000e+02
1.200000000000000000e+01
3.900000000000000000e+01
1.630000000000000000e+02
7.000000000000000000e+00
6.430000000000000000e+02
3.900000000000000000e+01
3.200000000000000000e+01
7.000000000000000000e+00
1.855800000000000000e+04
2.558400000000000000e+04
3.200000000000000000e+01
1.855800000000000000e+04
2.000000000000000000e+01
2.558400000000000000e+04
4.700000000000000000e+01
2.000000000000000000e+01
4.000000000000000000e+01
1.302200000000000000e+04
4.700000000000000000e+01
4.460000000000000000e+02
4.000000000000000000e+01
5.000000000000000000e+00
1.302200000000000000e+04
1.050000000000000000e+02
4.460000000000000000e+02
5.000000000000000000e+00
1.860000000000000000e+02
1.050000000000000000e+02
1.180000000000000000e+02
1.860000000000000000e+02
4.700000000000000000e+01
2.250000000000000000e+02
1.180000000000000000e+02
3.927000000000000000e+03
4.700000000000000000e+01
3.000000000000000000e+00
2.250000000000000000e+02
1.000000000000000000e+00
3.927000000000000000e+03
6.362000000000000000e+03
3.000000000000000000e+00
2.288000000000000000e+03
1.000000000000000000e+00
6.362000000000000000e+03
3.000000000000000000e+00
2.288000000000000000e+03
1.784000000000000000e+03
4.400000000000000000e+01
3.000000000000000000e+00
3.372000000000000000e+03
1.784000000000000000e+03
4.400000000000000000e+01
3.000000000000000000e+00
3.372000000000000000e+03
1.782000000000000000e+03
3.000000000000000000e+00
5.667000000000000000e+03
1.782000000000000000e+03
1.200000000000000000e+01
5.667000000000000000e+03
1.100000000000000000e+02
1.200000000000000000e+01
1.200000000000000000e+01
4.400000000000000000e+01
1.100000000000000000e+02
9.134000000000000000e+03
1.200000000000000000e+01
4.400000000000000000e+01
1.728000000000000000e+04
1.720900000000000000e+04
9.134000000000000000e+03
7.000000000000000000e+00
1.728000000000000000e+04
3.200000000000000000e+01
1.720900000000000000e+04
3.697000000000000000e+03
7.000000000000000000e+00
3.200000000000000000e+01
7.000000000000000000e+00
1.613000000000000000e+03
3.697000000000000000e+03
7.000000000000000000e+00
5.000000000000000000e+00
1.613000000000000000e+03
3.543000000000000000e+03
5.000000000000000000e+00
1.860000000000000000e+02
4.700000000000000000e+01
3.543000000000000000e+03
1.860000000000000000e+02
4.262000000000000000e+03
7.000000000000000000e+00
4.700000000000000000e+01
4.262000000000000000e+03
5.380000000000000000e+02
5.600000000000000000e+01
7.000000000000000000e+00
5.336000000000000000e+03
5.380000000000000000e+02
5.600000000000000000e+01
3.900000000000000000e+01
5.336000000000000000e+03
1.812000000000000000e+03
2.000000000000000000e+00
3.900000000000000000e+01
2.900000000000000000e+03
1.812000000000000000e+03
2.000000000000000000e+00
4.411000000000000000e+03
1.900000000000000000e+01
2.900000000000000000e+03
3.430000000000000000e+02
4.411000000000000000e+03
1.251000000000000000e+03
1.900000000000000000e+01
3.430000000000000000e+02
3.000000000000000000e+00
1.251000000000000000e+03
2.343000000000000000e+03
3.000000000000000000e+00
1.400000000000000000e+01
1.360000000000000000e+02
2.343000000000000000e+03
1.400000000000000000e+01
4.000000000000000000e+00
1.360000000000000000e+02
6.650000000000000000e+02
4.000000000000000000e+00
2.500000000000000000e+01
5.100000000000000000e+01
6.650000000000000000e+02
2.500000000000000000e+01
3.430000000000000000e+02
5.100000000000000000e+01
6.408000000000000000e+03
0.000000000000000000e+00
3.430000000000000000e+02
6.408000000000000000e+03
9.060000000000000000e+02
7.000000000000000000e+00
0.000000000000000000e+00
9.060000000000000000e+02
1.790000000000000000e+02
7.000000000000000000e+00
4.411000000000000000e+03
1.790000000000000000e+02
2.000000000000000000e+01
6.530000000000000000e+03
4.411000000000000000e+03
1.874600000000000000e+04
2.000000000000000000e+01
6.530000000000000000e+03
8.071000000000000000e+03
1.874600000000000000e+04
1.560000000000000000e+02
1.000000000000000000e+00
8.071000000000000000e+03
1.560000000000000000e+02
4.270000000000000000e+02
1.000000000000000000e+00
8.300000000000000000e+01
4.270000000000000000e+02
3.000000000000000000e+00
2.060000000000000000e+03
8.300000000000000000e+01
3.000000000000000000e+00
7.394000000000000000e+03
1.560000000000000000e+02
2.060000000000000000e+03
7.394000000000000000e+03
1.000000000000000000e+00
6.430000000000000000e+02
1.560000000000000000e+02
1.900000000000000000e+01
1.000000000000000000e+00
1.355300000000000000e+04
6.430000000000000000e+02
2.343000000000000000e+03
1.900000000000000000e+01
1.355300000000000000e+04
3.000000000000000000e+00
4.300000000000000000e+01
2.343000000000000000e+03
3.430000000000000000e+02
3.000000000000000000e+00
4.370000000000000000e+02
4.300000000000000000e+01
4.080400000000000000e+04
3.430000000000000000e+02
4.370000000000000000e+02
5.600000000000000000e+01
2.000000000000000000e+00
4.080400000000000000e+04
6.600000000000000000e+01
5.600000000000000000e+01
2.000000000000000000e+00
4.411000000000000000e+03
8.700000000000000000e+02
6.600000000000000000e+01
4.411000000000000000e+03
1.080000000000000000e+02
7.000000000000000000e+00
8.700000000000000000e+02
1.080000000000000000e+02
3.200000000000000000e+01
2.566000000000000000e+03
7.000000000000000000e+00
2.900000000000000000e+01
3.200000000000000000e+01
2.566000000000000000e+03
1.265000000000000000e+03
2.900000000000000000e+01
1.685600000000000000e+04
1.265000000000000000e+03
1.900000000000000000e+01
1.685600000000000000e+04
8.300000000000000000e+01
1.900000000000000000e+01
3.631000000000000000e+03
7.000000000000000000e+00
8.300000000000000000e+01
3.631000000000000000e+03
1.954800000000000000e+04
7.000000000000000000e+00
1.170000000000000000e+03
2.817000000000000000e+03
1.954800000000000000e+04
1.170000000000000000e+03
1.000000000000000000e+00
3.176000000000000000e+03
2.817000000000000000e+03
2.000000000000000000e+00
1.000000000000000000e+00
6.600000000000000000e+01
3.176000000000000000e+03
0.000000000000000000e+00
2.000000000000000000e+00
6.600000000000000000e+01
1.100000000000000000e+01
0.000000000000000000e+00
3.874000000000000000e+03
1.100000000000000000e+01
2.000000000000000000e+00
3.874000000000000000e+03
0.000000000000000000e+00
2.000000000000000000e+00
1.000000000000000000e+00
0.000000000000000000e+00
6.430000000000000000e+02
1.000000000000000000e+00
8.943000000000000000e+03
6.430000000000000000e+02
2.800000000000000000e+01
3.160000000000000000e+02
8.943000000000000000e+03
2.800000000000000000e+01
1.277000000000000000e+03
7.200000000000000000e+01
3.160000000000000000e+02
2.000000000000000000e+00
1.277000000000000000e+03
3.160000000000000000e+02
7.200000000000000000e+01
2.000000000000000000e+00
4.961000000000000000e+03
5.000000000000000000e+01
3.160000000000000000e+02
1.000000000000000000e+00
4.961000000000000000e+03
6.430000000000000000e+02
5.000000000000000000e+01
1.000000000000000000e+00
2.800000000000000000e+01
3.160000000000000000e+02
6.430000000000000000e+02
2.800000000000000000e+01
5.000000000000000000e+00
3.160000000000000000e+02
4.000000000000000000e+00
1.000000000000000000e+01
5.000000000000000000e+00
4.000000000000000000e+00
9.000000000000000000e+00
1.000000000000000000e+01
8.000000000000000000e+00
9.000000000000000000e+00
6.700000000000000000e+01
8.000000000000000000e+00
6.100000000000000000e+01
0.000000000000000000e+00
6.700000000000000000e+01
4.800000000000000000e+01
6.100000000000000000e+01
1.700000000000000000e+01
0.000000000000000000e+00
8.000000000000000000e+00
4.800000000000000000e+01
8.000000000000000000e+00
1.700000000000000000e+01
8.000000000000000000e+00
8.000000000000000000e+00
8.000000000000000000e+00
2.280000000000000000e+02
8.000000000000000000e+00
1.000000000000000000e+00
2.280000000000000000e+02
5.200000000000000000e+01
1.000000000000000000e+00
4.578000000000000000e+03
5.200000000000000000e+01
2.000000000000000000e+00
4.578000000000000000e+03
1.150000000000000000e+02
2.000000000000000000e+00
1.000000000000000000e+00
1.150000000000000000e+02
6.430000000000000000e+02
8.943000000000000000e+03
1.000000000000000000e+00
2.800000000000000000e+01
6.430000000000000000e+02
8.943000000000000000e+03
8.040000000000000000e+02
5.000000000000000000e+00
2.800000000000000000e+01
4.000000000000000000e+00
8.040000000000000000e+02
5.000000000000000000e+00
2.100000000000000000e+01
1.300000000000000000e+01
4.000000000000000000e+00
2.100000000000000000e+01
4.000000000000000000e+00
4.502000000000000000e+03
1.300000000000000000e+01
4.000000000000000000e+00
2.140000000000000000e+02
2.000000000000000000e+00
4.502000000000000000e+03
8.969000000000000000e+03
2.140000000000000000e+02
3.000000000000000000e+00
2.000000000000000000e+00
8.969000000000000000e+03
1.066200000000000000e+04
3.000000000000000000e+00
7.200000000000000000e+01
2.000000000000000000e+00
1.066200000000000000e+04
7.200000000000000000e+01
6.923000000000000000e+03
1.000000000000000000e+00
2.000000000000000000e+00
6.923000000000000000e+03
2.623000000000000000e+03
1.000000000000000000e+00
2.000000000000000000e+00
2.623000000000000000e+03
8.040000000000000000e+02
5.700000000000000000e+01
2.000000000000000000e+00
1.106400000000000000e+04
8.040000000000000000e+02
5.700000000000000000e+01
3.278000000000000000e+03
2.896000000000000000e+03
1.106400000000000000e+04
4.111000000000000000e+03
3.278000000000000000e+03
7.000000000000000000e+00
2.896000000000000000e+03
1.000000000000000000e+00
4.111000000000000000e+03
7.000000000000000000e+00
5.800000000000000000e+01
7.100000000000000000e+01
1.000000000000000000e+00
5.800000000000000000e+01
3.250000000000000000e+02
6.000000000000000000e+00
7.100000000000000000e+01
2.890000000000000000e+02
3.250000000000000000e+02
8.100000000000000000e+01
6.000000000000000000e+00
2.890000000000000000e+02
1.170000000000000000e+02
5.000000000000000000e+00
8.100000000000000000e+01
4.000000000000000000e+00
1.170000000000000000e+02
5.000000000000000000e+00
2.100000000000000000e+01
9.000000000000000000e+00
4.000000000000000000e+00
1.000000000000000000e+01
2.100000000000000000e+01
1.372000000000000000e+03
9.000000000000000000e+00
2.000000000000000000e+01
1.000000000000000000e+01
5.000000000000000000e+01
1.372000000000000000e+03
6.430000000000000000e+02
2.000000000000000000e+01
5.000000000000000000e+00
5.000000000000000000e+01
6.430000000000000000e+02
4.400000000000000000e+01
5.000000000000000000e+00
1.723000000000000000e+03
4.400000000000000000e+01
2.800000000000000000e+02
1.723000000000000000e+03
3.440000000000000000e+02
2.800000000000000000e+02
4.713000000000000000e+03
3.440000000000000000e+02
7.000000000000000000e+00
4.713000000000000000e+03
1.170000000000000000e+03
2.900000000000000000e+01
7.000000000000000000e+00
1.792000000000000000e+03
1.170000000000000000e+03
1.000000000000000000e+00
2.900000000000000000e+01
1.792000000000000000e+03
1.860000000000000000e+02
9.900000000000000000e+01
1.000000000000000000e+00
1.860000000000000000e+02
4.800000000000000000e+01
2.633000000000000000e+03
9.900000000000000000e+01
4.800000000000000000e+01
5.600000000000000000e+01
2.760000000000000000e+02
2.633000000000000000e+03
2.250000000000000000e+02
5.600000000000000000e+01
1.400000000000000000e+01
2.760000000000000000e+02
2.250000000000000000e+02
3.030000000000000000e+02
1.400000000000000000e+01
8.430000000000000000e+02
3.030000000000000000e+02
5.564000000000000000e+03
8.430000000000000000e+02
1.000000000000000000e+00
5.564000000000000000e+03
2.533000000000000000e+03
3.460000000000000000e+02
1.000000000000000000e+00
3.000000000000000000e+00
2.533000000000000000e+03
1.930000000000000000e+02
3.460000000000000000e+02
5.610000000000000000e+02
3.000000000000000000e+00
1.930000000000000000e+02
3.533000000000000000e+03
5.610000000000000000e+02
2.600000000000000000e+01
2.000000000000000000e+01
3.533000000000000000e+03
7.800000000000000000e+01
2.600000000000000000e+01
2.000000000000000000e+01
2.100000000000000000e+01
7.800000000000000000e+01
3.000000000000000000e+00
2.100000000000000000e+01
1.300000000000000000e+01
2.334000000000000000e+03
3.000000000000000000e+00
6.430000000000000000e+02
1.300000000000000000e+01
2.334000000000000000e+03
5.700000000000000000e+01
4.900000000000000000e+01
6.430000000000000000e+02
2.459000000000000000e+03
5.700000000000000000e+01
2.633000000000000000e+03
4.900000000000000000e+01
2.459000000000000000e+03
4.000000000000000000e+01
2.633000000000000000e+03
7.920000000000000000e+03
4.000000000000000000e+01
3.952000000000000000e+03
1.610000000000000000e+02
7.920000000000000000e+03
2.500000000000000000e+01
3.952000000000000000e+03
1.610000000000000000e+02
1.000000000000000000e+00
1.299500000000000000e+04
2.500000000000000000e+01
2.000000000000000000e+01
1.000000000000000000e+00
1.299500000000000000e+04
4.700000000000000000e+01
4.000000000000000000e+01
2.000000000000000000e+01
4.700000000000000000e+01
1.910000000000000000e+02
7.788000000000000000e+03
4.000000000000000000e+01
1.960600000000000000e+04
1.910000000000000000e+02
1.518000000000000000e+03
7.788000000000000000e+03
1.960600000000000000e+04
2.700000000000000000e+01
1.100000000000000000e+01
1.518000000000000000e+03
2.700000000000000000e+01
3.153200000000000000e+04
6.190000000000000000e+02
1.100000000000000000e+01
3.300000000000000000e+01
3.153200000000000000e+04
6.190000000000000000e+02
6.804000000000000000e+03
3.300000000000000000e+01
5.280000000000000000e+02
6.804000000000000000e+03
5.077000000000000000e+03
5.000000000000000000e+00
5.280000000000000000e+02
1.000000000000000000e+00
5.077000000000000000e+03
5.000000000000000000e+00
9.586000000000000000e+03
7.240000000000000000e+02
1.000000000000000000e+00
1.180000000000000000e+02
9.586000000000000000e+03
2.700000000000000000e+01
7.240000000000000000e+02
1.180000000000000000e+02
1.800000000000000000e+01
2.700000000000000000e+01
1.450000000000000000e+03
3.500000000000000000e+01
1.800000000000000000e+01
1.450000000000000000e+03
5.500000000000000000e+02
3.500000000000000000e+01
2.200000000000000000e+02
5.500000000000000000e+02
1.130000000000000000e+03
7.021000000000000000e+03
2.200000000000000000e+02
2.800000000000000000e+01
1.130000000000000000e+03
7.021000000000000000e+03
1.518000000000000000e+03
2.800000000000000000e+01
1.420000000000000000e+03
1.518000000000000000e+03
5.000000000000000000e+00
1.420000000000000000e+03
1.745000000000000000e+03
3.240000000000000000e+02
5.000000000000000000e+00
2.248300000000000000e+04
1.745000000000000000e+03
1.420000000000000000e+03
3.240000000000000000e+02
6.800000000000000000e+01
2.248300000000000000e+04
4.014200000000000000e+04
1.420000000000000000e+03
6.800000000000000000e+01
1.720000000000000000e+02
1.420000000000000000e+03
4.014200000000000000e+04
1.720000000000000000e+02
1.962000000000000000e+03
6.501000000000000000e+03
1.420000000000000000e+03
2.060000000000000000e+02
1.962000000000000000e+03
4.029600000000000000e+04
6.501000000000000000e+03
2.060000000000000000e+02
0.000000000000000000e+00
4.029600000000000000e+04
4.560000000000000000e+02
0.000000000000000000e+00
1.400000000000000000e+01
6.270000000000000000e+03
4.560000000000000000e+02
1.704000000000000000e+03
1.400000000000000000e+01
6.270000000000000000e+03
2.042000000000000000e+03
1.500000000000000000e+01
1.704000000000000000e+03
2.042000000000000000e+03
1.039000000000000000e+03
1.500000000000000000e+01
1.426000000000000000e+03
1.170000000000000000e+03
1.039000000000000000e+03
1.000000000000000000e+00
1.426000000000000000e+03
2.805000000000000000e+03
1.170000000000000000e+03
1.745000000000000000e+03
1.000000000000000000e+00
3.280000000000000000e+02
2.805000000000000000e+03
1.745000000000000000e+03
2.000000000000000000e+00
1.170000000000000000e+03
3.280000000000000000e+02
2.000000000000000000e+00
1.256000000000000000e+03
7.000000000000000000e+00
1.170000000000000000e+03
1.000000000000000000e+00
1.256000000000000000e+03
3.463000000000000000e+03
7.000000000000000000e+00
1.000000000000000000e+00
1.000000000000000000e+00
2.926200000000000000e+04
3.463000000000000000e+03
2.060000000000000000e+02
1.000000000000000000e+00
1.800000000000000000e+01
2.926200000000000000e+04
2.060000000000000000e+02
5.000000000000000000e+00
1.800000000000000000e+01
4.000000000000000000e+00
9.000000000000000000e+00
5.000000000000000000e+00
1.700000000000000000e+01
4.000000000000000000e+00
2.100000000000000000e+01
9.000000000000000000e+00
1.000000000000000000e+00
1.700000000000000000e+01
4.600000000000000000e+01
2.100000000000000000e+01
1.000000000000000000e+00
3.430000000000000000e+02
4.600000000000000000e+01
1.256000000000000000e+03
3.430000000000000000e+02
1.890000000000000000e+02
1.000000000000000000e+00
1.256000000000000000e+03
5.660000000000000000e+02
1.890000000000000000e+02
1.000000000000000000e+00
2.060000000000000000e+02
5.660000000000000000e+02
1.565000000000000000e+03
5.276000000000000000e+03
2.060000000000000000e+02
1.565000000000000000e+03
1.000000000000000000e+00
1.745000000000000000e+03
5.276000000000000000e+03
1.000000000000000000e+00
2.090000000000000000e+02
1.745000000000000000e+03
2.000000000000000000e+00
2.090000000000000000e+02
8.743000000000000000e+03
2.000000000000000000e+00
5.000000000000000000e+00
3.240000000000000000e+02
8.743000000000000000e+03
5.000000000000000000e+00
5.000000000000000000e+00
3.240000000000000000e+02
4.000000000000000000e+00
9.000000000000000000e+00
5.000000000000000000e+00
1.700000000000000000e+01
4.000000000000000000e+00
9.000000000000000000e+00
2.300000000000000000e+01
1.700000000000000000e+01
2.400000000000000000e+01
1.000000000000000000e+00
2.300000000000000000e+01
2.400000000000000000e+01
2.147500000000000000e+04
1.000000000000000000e+00
3.271000000000000000e+03
0.000000000000000000e+00
2.147500000000000000e+04
0.000000000000000000e+00
3.271000000000000000e+03
0.000000000000000000e+00
1.198000000000000000e+03
0.000000000000000000e+00
1.900000000000000000e+01
1.039000000000000000e+03
1.198000000000000000e+03
1.900000000000000000e+01
9.456000000000000000e+03
1.039000000000000000e+03
5.392000000000000000e+03
3.000000000000000000e+00
9.456000000000000000e+03
8.710000000000000000e+02
5.392000000000000000e+03
3.506000000000000000e+03
3.000000000000000000e+00
8.710000000000000000e+02
1.210000000000000000e+03
3.506000000000000000e+03
0.000000000000000000e+00
1.210000000000000000e+03
2.810000000000000000e+02
0.000000000000000000e+00
1.000000000000000000e+00
2.810000000000000000e+02
5.660000000000000000e+02
1.256000000000000000e+03
1.000000000000000000e+00
5.660000000000000000e+02
1.026200000000000000e+04
1.256000000000000000e+03
1.560000000000000000e+02
8.743000000000000000e+03
1.026200000000000000e+04
7.700000000000000000e+01
1.560000000000000000e+02
6.000000000000000000e+01
8.743000000000000000e+03
7.700000000000000000e+01
1.800000000000000000e+01
6.000000000000000000e+01
3.800000000000000000e+01
8.880000000000000000e+02
1.800000000000000000e+01
3.800000000000000000e+01
1.814000000000000000e+03
1.858000000000000000e+03
8.880000000000000000e+02
1.814000000000000000e+03
1.900000000000000000e+01
3.430000000000000000e+02
1.858000000000000000e+03
3.090000000000000000e+02
1.900000000000000000e+01
7.000000000000000000e+00
3.430000000000000000e+02
1.440000000000000000e+03
3.090000000000000000e+02
7.000000000000000000e+00
1.000000000000000000e+00
4.830000000000000000e+03
1.440000000000000000e+03
1.000000000000000000e+00
5.280000000000000000e+02
4.830000000000000000e+03
4.141000000000000000e+03
5.280000000000000000e+02
1.831000000000000000e+03
4.141000000000000000e+03
5.600000000000000000e+01
6.260000000000000000e+02
1.831000000000000000e+03
5.600000000000000000e+01
3.430000000000000000e+02
4.917000000000000000e+03
6.260000000000000000e+02
3.000000000000000000e+00
3.430000000000000000e+02
4.917000000000000000e+03
3.442400000000000000e+04
2.000000000000000000e+00
3.000000000000000000e+00
5.000000000000000000e+01
3.442400000000000000e+04
2.000000000000000000e+00
4.694000000000000000e+03
4.900000000000000000e+01
5.000000000000000000e+01
7.000000000000000000e+00
4.694000000000000000e+03
1.899000000000000000e+03
4.900000000000000000e+01
7.000000000000000000e+00
1.400000000000000000e+01
4.400000000000000000e+01
1.899000000000000000e+03
1.400000000000000000e+01
1.256000000000000000e+03
2.400000000000000000e+01
4.400000000000000000e+01
4.400000000000000000e+01
1.256000000000000000e+03
2.400000000000000000e+01
1.290000000000000000e+02
1.340000000000000000e+02
4.400000000000000000e+01
1.000000000000000000e+00
1.290000000000000000e+02
1.340000000000000000e+02
5.015000000000000000e+03
2.036700000000000000e+04
1.000000000000000000e+00
5.015000000000000000e+03
1.930400000000000000e+04
2.036700000000000000e+04
0.000000000000000000e+00
3.000000000000000000e+00
1.930400000000000000e+04
0.000000000000000000e+00
1.161000000000000000e+03
0.000000000000000000e+00
3.000000000000000000e+00
1.017000000000000000e+04
1.161000000000000000e+03
0.000000000000000000e+00
5.700000000000000000e+01
1.017000000000000000e+04
1.800000000000000000e+01
5.700000000000000000e+01
5.847000000000000000e+03
4.200000000000000000e+01
1.800000000000000000e+01
5.847000000000000000e+03
3.800000000000000000e+01
4.200000000000000000e+01
2.445000000000000000e+03
1.000000000000000000e+00
3.800000000000000000e+01
5.660000000000000000e+02
2.445000000000000000e+03
1.000000000000000000e+00
3.117600000000000000e+04
5.660000000000000000e+02
2.000000000000000000e+00
3.117600000000000000e+04
1.360000000000000000e+03
2.000000000000000000e+00
3.192000000000000000e+03
1.603900000000000000e+04
1.360000000000000000e+03
3.192000000000000000e+03
3.754100000000000000e+04
1.000000000000000000e+00
1.603900000000000000e+04
3.754100000000000000e+04
2.520000000000000000e+02
1.000000000000000000e+00
2.000000000000000000e+00
1.000000000000000000e+00
2.520000000000000000e+02
2.000000000000000000e+00
1.890000000000000000e+02
3.960000000000000000e+02
1.000000000000000000e+00
2.294000000000000000e+03
1.890000000000000000e+02
3.960000000000000000e+02
2.110000000000000000e+02
2.294000000000000000e+03
4.015000000000000000e+03
2.110000000000000000e+02
3.000000000000000000e+00
4.015000000000000000e+03
1.484100000000000000e+04
0.000000000000000000e+00
3.000000000000000000e+00
1.900000000000000000e+01
1.484100000000000000e+04
1.000000000000000000e+00
0.000000000000000000e+00
4.000000000000000000e+00
1.900000000000000000e+01
9.000000000000000000e+00
1.000000000000000000e+00
4.000000000000000000e+00
2.100000000000000000e+01
9.000000000000000000e+00
8.000000000000000000e+00
2.100000000000000000e+01
1.500000000000000000e+01
8.000000000000000000e+00
3.798000000000000000e+03
1.420000000000000000e+03
1.500000000000000000e+01
4.000000000000000000e+01
3.798000000000000000e+03
1.420000000000000000e+03
5.007000000000000000e+03
4.000000000000000000e+01
7.000000000000000000e+00
6.607000000000000000e+03
5.007000000000000000e+03
1.745000000000000000e+03
7.000000000000000000e+00
6.607000000000000000e+03
7.390000000000000000e+02
3.449000000000000000e+03
1.745000000000000000e+03
4.200000000000000000e+01
7.390000000000000000e+02
3.449000000000000000e+03
5.600000000000000000e+01
4.200000000000000000e+01
7.788000000000000000e+03
5.600000000000000000e+01
1.643000000000000000e+03
7.788000000000000000e+03
2.714000000000000000e+03
1.000000000000000000e+00
1.643000000000000000e+03
1.594000000000000000e+03
2.714000000000000000e+03
1.000000000000000000e+00
2.000000000000000000e+00
1.594000000000000000e+03
6.430000000000000000e+02
2.000000000000000000e+00
6.000000000000000000e+01
6.430000000000000000e+02
2.600000000000000000e+01
5.600000000000000000e+01
6.000000000000000000e+01
2.624000000000000000e+03
2.600000000000000000e+01
2.000000000000000000e+00
5.600000000000000000e+01
6.130000000000000000e+02
2.624000000000000000e+03
2.000000000000000000e+00
1.500000000000000000e+01
3.463000000000000000e+03
6.130000000000000000e+02
1.500000000000000000e+01
1.254500000000000000e+04
9.280000000000000000e+02
3.463000000000000000e+03
1.254500000000000000e+04
2.047300000000000000e+04
3.678000000000000000e+04
9.280000000000000000e+02
2.271000000000000000e+03
2.047300000000000000e+04
3.678000000000000000e+04
7.000000000000000000e+00
1.892600000000000000e+04
2.271000000000000000e+03
7.000000000000000000e+00
6.600000000000000000e+01
1.090900000000000000e+04
1.892600000000000000e+04
6.600000000000000000e+01
2.280000000000000000e+02
1.090900000000000000e+04
1.000000000000000000e+00
2.280000000000000000e+02
5.790000000000000000e+02
6.800000000000000000e+01
1.000000000000000000e+00
5.790000000000000000e+02
3.700000000000000000e+01
6.800000000000000000e+01
3.430000000000000000e+02
1.256000000000000000e+03
3.700000000000000000e+01
7.000000000000000000e+00
3.430000000000000000e+02
1.256000000000000000e+03
5.280000000000000000e+02
7.000000000000000000e+00
5.077000000000000000e+03
9.456000000000000000e+03
5.280000000000000000e+02
5.077000000000000000e+03
7.549000000000000000e+03
8.783000000000000000e+03
9.456000000000000000e+03
7.800000000000000000e+01
7.549000000000000000e+03
8.783000000000000000e+03
1.745000000000000000e+03
3.240000000000000000e+02
7.800000000000000000e+01
3.000000000000000000e+00
1.745000000000000000e+03
1.280000000000000000e+02
3.240000000000000000e+02
3.000000000000000000e+00
3.430000000000000000e+02
8.200000000000000000e+01
1.280000000000000000e+02
3.430000000000000000e+02
1.831000000000000000e+03
8.200000000000000000e+01
2.400000000000000000e+01
1.831000000000000000e+03
7.440000000000000000e+03
2.400000000000000000e+01
7.000000000000000000e+00
7.440000000000000000e+03
6.430000000000000000e+02
4.800000000000000000e+01
7.000000000000000000e+00
1.745000000000000000e+03
6.430000000000000000e+02
1.831000000000000000e+03
4.800000000000000000e+01
8.830000000000000000e+02
1.745000000000000000e+03
1.831000000000000000e+03
6.430000000000000000e+02
8.830000000000000000e+02
4.900000000000000000e+01
6.430000000000000000e+02
2.647400000000000000e+04
5.000000000000000000e+00
4.900000000000000000e+01
2.960000000000000000e+02
2.647400000000000000e+04
6.880000000000000000e+02
5.000000000000000000e+00
2.960000000000000000e+02
7.116000000000000000e+03
5.000000000000000000e+00
6.880000000000000000e+02
2.850000000000000000e+02
7.116000000000000000e+03
5.000000000000000000e+00
1.900000000000000000e+01
2.850000000000000000e+02
3.430000000000000000e+02
1.900000000000000000e+01
2.623000000000000000e+03
1.128000000000000000e+03
3.430000000000000000e+02
1.520000000000000000e+02
2.623000000000000000e+03
1.128000000000000000e+03
1.274900000000000000e+04
1.520000000000000000e+02
6.930000000000000000e+02
1.274900000000000000e+04
2.120000000000000000e+02
6.930000000000000000e+02
1.000000000000000000e+00
2.120000000000000000e+02
8.925000000000000000e+03
1.000000000000000000e+00
2.000000000000000000e+00
2.629100000000000000e+04
8.925000000000000000e+03
2.000000000000000000e+00
6.883000000000000000e+03
1.600000000000000000e+01
2.629100000000000000e+04
1.700000000000000000e+01
6.883000000000000000e+03
1.600000000000000000e+01
1.600000000000000000e+01
3.363000000000000000e+03
1.700000000000000000e+01
5.751000000000000000e+03
1.600000000000000000e+01
6.430000000000000000e+02
3.363000000000000000e+03
2.800000000000000000e+01
5.751000000000000000e+03
2.360000000000000000e+03
6.430000000000000000e+02
2.340000000000000000e+02
2.800000000000000000e+01
5.910000000000000000e+02
2.360000000000000000e+03
2.340000000000000000e+02
1.745000000000000000e+03
5.910000000000000000e+02
3.240000000000000000e+02
1.745000000000000000e+03
4.000000000000000000e+00
3.240000000000000000e+02
9.000000000000000000e+00
1.700000000000000000e+01
4.000000000000000000e+00
9.000000000000000000e+00
1.600000000000000000e+01
1.700000000000000000e+01
3.363000000000000000e+03
1.600000000000000000e+01
5.751000000000000000e+03
6.430000000000000000e+02
3.363000000000000000e+03
5.751000000000000000e+03
2.800000000000000000e+01
6.430000000000000000e+02
2.360000000000000000e+03
2.340000000000000000e+02
2.800000000000000000e+01
5.910000000000000000e+02
2.360000000000000000e+03
2.340000000000000000e+02
1.000000000000000000e+00
4.000000000000000000e+00
5.910000000000000000e+02
1.000000000000000000e+00
1.000000000000000000e+01
4.000000000000000000e+00
9.100000000000000000e+01
1.000000000000000000e+01
8.925000000000000000e+03
9.100000000000000000e+01
2.000000000000000000e+00
8.925000000000000000e+03
1.356700000000000000e+04
2.000000000000000000e+00
8.040000000000000000e+02
2.200000000000000000e+01
1.356700000000000000e+04
8.040000000000000000e+02
1.300000000000000000e+01
2.200000000000000000e+01
4.000000000000000000e+00
1.300000000000000000e+01
3.363000000000000000e+03
4.000000000000000000e+00
1.896000000000000000e+03
3.363000000000000000e+03
1.000000000000000000e+00
3.742000000000000000e+03
1.896000000000000000e+03
1.000000000000000000e+00
2.000000000000000000e+00
1.000000000000000000e+00
3.742000000000000000e+03
2.000000000000000000e+00
6.059000000000000000e+03
1.000000000000000000e+00
3.000000000000000000e+00
6.059000000000000000e+03
4.300000000000000000e+01
4.270000000000000000e+02
3.000000000000000000e+00
4.300000000000000000e+01
3.800000000000000000e+02
1.745000000000000000e+03
4.270000000000000000e+02
3.240000000000000000e+02
3.800000000000000000e+02
1.896000000000000000e+03
1.745000000000000000e+03
1.000000000000000000e+00
3.240000000000000000e+02
1.896000000000000000e+03
3.742000000000000000e+03
2.000000000000000000e+00
1.000000000000000000e+00
1.000000000000000000e+00
3.742000000000000000e+03
2.000000000000000000e+00
6.059000000000000000e+03
3.000000000000000000e+00
1.000000000000000000e+00
4.300000000000000000e+01
6.059000000000000000e+03
3.000000000000000000e+00
4.270000000000000000e+02
3.800000000000000000e+02
4.300000000000000000e+01
5.000000000000000000e+00
4.270000000000000000e+02
2.200000000000000000e+01
3.800000000000000000e+02
9.000000000000000000e+00
5.000000000000000000e+00
2.200000000000000000e+01
1.000000000000000000e+01
1.000000000000000000e+00
9.000000000000000000e+00
0.000000000000000000e+00
1.000000000000000000e+01
1.000000000000000000e+00
8.925000000000000000e+03
0.000000000000000000e+00
1.444000000000000000e+04
1.420000000000000000e+03
8.925000000000000000e+03
1.444000000000000000e+04
7.000000000000000000e+00
6.860000000000000000e+02
1.420000000000000000e+03
7.000000000000000000e+00
7.000000000000000000e+00
6.860000000000000000e+02
4.270000000000000000e+02
4.405000000000000000e+03
7.000000000000000000e+00
4.913000000000000000e+03
4.270000000000000000e+02
4.405000000000000000e+03
4.270000000000000000e+02
4.913000000000000000e+03
4.370000000000000000e+02
4.270000000000000000e+02
2.142200000000000000e+04
4.370000000000000000e+02
2.900000000000000000e+01
3.900000000000000000e+01
2.142200000000000000e+04
4.031000000000000000e+03
2.900000000000000000e+01
3.900000000000000000e+01
7.650000000000000000e+02
4.031000000000000000e+03
2.400000000000000000e+01
6.430000000000000000e+02
7.650000000000000000e+02
1.745000000000000000e+03
2.400000000000000000e+01
6.430000000000000000e+02
3.240000000000000000e+02
1.745000000000000000e+03
1.000000000000000000e+00
8.341000000000000000e+03
3.240000000000000000e+02
6.880000000000000000e+02
1.000000000000000000e+00
8.341000000000000000e+03
1.444000000000000000e+04
8.300000000000000000e+01
6.880000000000000000e+02
7.000000000000000000e+00
1.444000000000000000e+04
8.300000000000000000e+01
6.860000000000000000e+02
7.000000000000000000e+00
7.000000000000000000e+00
6.860000000000000000e+02
4.270000000000000000e+02
7.000000000000000000e+00
4.405000000000000000e+03
4.270000000000000000e+02
1.000000000000000000e+00
1.296000000000000000e+03
4.405000000000000000e+03
1.000000000000000000e+00
2.214200000000000000e+04
1.296000000000000000e+03
4.820000000000000000e+02
4.000000000000000000e+00
2.214200000000000000e+04
1.000000000000000000e+01
4.820000000000000000e+02
4.000000000000000000e+00
4.000000000000000000e+00
1.600000000000000000e+01
1.000000000000000000e+01
4.000000000000000000e+00
3.363000000000000000e+03
1.130000000000000000e+03
1.600000000000000000e+01
6.430000000000000000e+02
3.363000000000000000e+03
7.000000000000000000e+00
1.130000000000000000e+03
3.467000000000000000e+03
6.430000000000000000e+02
7.000000000000000000e+00
6.000000000000000000e+00
3.467000000000000000e+03
3.380000000000000000e+03
6.000000000000000000e+00
1.259000000000000000e+04
2.500000000000000000e+01
3.380000000000000000e+03
1.259000000000000000e+04
4.400000000000000000e+01
4.019000000000000000e+03
2.500000000000000000e+01
4.400000000000000000e+01
1.039000000000000000e+03
4.019000000000000000e+03
5.930000000000000000e+02
1.488000000000000000e+03
1.039000000000000000e+03
5.000000000000000000e+00
5.930000000000000000e+02
4.000000000000000000e+00
1.488000000000000000e+03
5.000000000000000000e+00
1.600000000000000000e+01
1.600000000000000000e+01
4.000000000000000000e+00
1.600000000000000000e+01
1.600000000000000000e+01
8.840000000000000000e+02
1.600000000000000000e+01
6.000000000000000000e+00
1.600000000000000000e+01
5.514000000000000000e+03
8.840000000000000000e+02
6.000000000000000000e+00
4.108000000000000000e+03
4.764000000000000000e+03
5.514000000000000000e+03
6.430000000000000000e+02
4.108000000000000000e+03
7.000000000000000000e+00
4.764000000000000000e+03
3.467000000000000000e+03
6.430000000000000000e+02
2.457000000000000000e+03
7.000000000000000000e+00
1.393800000000000000e+04
3.467000000000000000e+03
2.457000000000000000e+03
3.300000000000000000e+01
1.330000000000000000e+02
1.393800000000000000e+04
5.514000000000000000e+03
3.300000000000000000e+01
1.330000000000000000e+02
4.108000000000000000e+03
1.901200000000000000e+04
5.514000000000000000e+03
4.108000000000000000e+03
6.430000000000000000e+02
1.901200000000000000e+04
7.000000000000000000e+00
2.517100000000000000e+04
6.430000000000000000e+02
7.000000000000000000e+00
3.000000000000000000e+00
1.707500000000000000e+04
2.517100000000000000e+04
1.150000000000000000e+02
3.000000000000000000e+00
1.707500000000000000e+04
2.800000000000000000e+01
7.420000000000000000e+02
1.150000000000000000e+02
2.800000000000000000e+01
5.000000000000000000e+00
5.200000000000000000e+01
7.420000000000000000e+02
5.000000000000000000e+00
1.276800000000000000e+04
1.745000000000000000e+03
5.200000000000000000e+01
3.240000000000000000e+02
1.276800000000000000e+04
1.745000000000000000e+03
9.910000000000000000e+02
3.240000000000000000e+02
3.320000000000000000e+02
9.910000000000000000e+02
4.000000000000000000e+00
2.000000000000000000e+00
3.320000000000000000e+02
6.600000000000000000e+01
4.000000000000000000e+00
2.000000000000000000e+00
6.880000000000000000e+02
5.000000000000000000e+00
6.600000000000000000e+01
6.880000000000000000e+02
4.000000000000000000e+00
9.000000000000000000e+00
5.000000000000000000e+00
4.000000000000000000e+00
1.700000000000000000e+01
9.000000000000000000e+00
9.000000000000000000e+00
1.700000000000000000e+01
1.000000000000000000e+00
6.700000000000000000e+01
9.000000000000000000e+00
1.000000000000000000e+00
4.570000000000000000e+02
1.800000000000000000e+01
6.700000000000000000e+01
4.570000000000000000e+02
2.000000000000000000e+01
1.800000000000000000e+01
1.000000000000000000e+00
2.000000000000000000e+01
2.457000000000000000e+03
1.000000000000000000e+00
4.680000000000000000e+03
2.457000000000000000e+03
1.800000000000000000e+01
4.680000000000000000e+03
9.480000000000000000e+02
7.000000000000000000e+00
1.800000000000000000e+01
6.000000000000000000e+00
9.480000000000000000e+02
2.457000000000000000e+03
7.000000000000000000e+00
5.920000000000000000e+02
6.000000000000000000e+00
2.457000000000000000e+03
5.000000000000000000e+00
1.530000000000000000e+02
5.920000000000000000e+02
5.000000000000000000e+00
2.700000000000000000e+01
1.530000000000000000e+02
2.800000000000000000e+02
3.200000000000000000e+01
2.700000000000000000e+01
1.163000000000000000e+03
2.800000000000000000e+02
2.000000000000000000e+01
3.200000000000000000e+01
6.600000000000000000e+01
1.163000000000000000e+03
3.430000000000000000e+02
2.000000000000000000e+01
6.600000000000000000e+01
6.880000000000000000e+02
4.000000000000000000e+01
3.430000000000000000e+02
6.880000000000000000e+02
1.450000000000000000e+03
4.000000000000000000e+01
1.560000000000000000e+02
1.450000000000000000e+03
6.430000000000000000e+02
1.200000000000000000e+01
1.560000000000000000e+02
6.430000000000000000e+02
6.000000000000000000e+00
4.370000000000000000e+02
1.200000000000000000e+01
1.890000000000000000e+02
6.000000000000000000e+00
3.000000000000000000e+00
4.370000000000000000e+02
1.890000000000000000e+02
3.800000000000000000e+01
1.560000000000000000e+02
3.000000000000000000e+00
3.800000000000000000e+01
7.021000000000000000e+03
1.560000000000000000e+02
7.000000000000000000e+00
7.021000000000000000e+03
1.170000000000000000e+03
9.900000000000000000e+01
7.000000000000000000e+00
1.745000000000000000e+03
1.170000000000000000e+03
9.900000000000000000e+01
7.390000000000000000e+02
1.745000000000000000e+03
7.050000000000000000e+03
5.000000000000000000e+01
7.390000000000000000e+02
7.050000000000000000e+03
1.620000000000000000e+02
5.000000000000000000e+01
2.000000000000000000e+00
4.270000000000000000e+02
1.620000000000000000e+02
2.000000000000000000e+00
3.003000000000000000e+03
4.270000000000000000e+02
3.700000000000000000e+01
3.003000000000000000e+03
6.600000000000000000e+01
6.880000000000000000e+02
3.700000000000000000e+01
3.900000000000000000e+01
6.600000000000000000e+01
7.000000000000000000e+00
6.880000000000000000e+02
3.900000000000000000e+01
3.200000000000000000e+01
7.000000000000000000e+00
7.370000000000000000e+02
3.200000000000000000e+01
5.000000000000000000e+00
7.370000000000000000e+02
1.900000000000000000e+03
1.288000000000000000e+03
5.000000000000000000e+00
1.900000000000000000e+03
1.120000000000000000e+02
1.288000000000000000e+03
1.500000000000000000e+02
1.120000000000000000e+02
6.000000000000000000e+00
1.446000000000000000e+03
1.500000000000000000e+02
6.000000000000000000e+00
1.880000000000000000e+02
8.100000000000000000e+03
1.446000000000000000e+03
1.880000000000000000e+02
2.000000000000000000e+00
8.100000000000000000e+03
6.430000000000000000e+02
7.000000000000000000e+00
2.000000000000000000e+00
3.467000000000000000e+03
6.430000000000000000e+02
7.000000000000000000e+00
6.920000000000000000e+02
3.467000000000000000e+03
7.505000000000000000e+03
1.398000000000000000e+03
6.920000000000000000e+02
2.940000000000000000e+02
7.505000000000000000e+03
2.320000000000000000e+04
1.398000000000000000e+03
6.200000000000000000e+01
2.940000000000000000e+02
4.183000000000000000e+03
2.320000000000000000e+04
2.000000000000000000e+01
6.200000000000000000e+01
2.700000000000000000e+01
4.183000000000000000e+03
1.800000000000000000e+01
2.000000000000000000e+01
2.700000000000000000e+01
1.770000000000000000e+02
3.500000000000000000e+01
1.800000000000000000e+01
2.000000000000000000e+01
1.770000000000000000e+02
6.500000000000000000e+01
3.500000000000000000e+01
7.000000000000000000e+00
2.000000000000000000e+01
6.500000000000000000e+01
3.900000000000000000e+01
7.000000000000000000e+00
3.951000000000000000e+03
5.511000000000000000e+03
3.900000000000000000e+01
2.643000000000000000e+03
3.951000000000000000e+03
5.511000000000000000e+03
1.400000000000000000e+01
1.730000000000000000e+02
2.643000000000000000e+03
1.400000000000000000e+01
1.504000000000000000e+03
1.730000000000000000e+02
1.338000000000000000e+03
1.504000000000000000e+03
2.000000000000000000e+01
1.338000000000000000e+03
5.280000000000000000e+02
5.077000000000000000e+03
2.000000000000000000e+01
5.780000000000000000e+02
5.280000000000000000e+02
1.000000000000000000e+00
5.077000000000000000e+03
5.780000000000000000e+02
6.683000000000000000e+03
2.000000000000000000e+00
1.000000000000000000e+00
6.683000000000000000e+03
6.430000000000000000e+02
2.000000000000000000e+00
1.200000000000000000e+01
6.430000000000000000e+02
6.000000000000000000e+00
1.200000000000000000e+01
4.660000000000000000e+02
2.630000000000000000e+02
6.000000000000000000e+00
4.660000000000000000e+02
6.900000000000000000e+01
2.630000000000000000e+02
3.200000000000000000e+01
6.000000000000000000e+00
6.900000000000000000e+01
2.945000000000000000e+03
3.200000000000000000e+01
6.000000000000000000e+00
7.010000000000000000e+02
2.000000000000000000e+00
2.945000000000000000e+03
1.060000000000000000e+02
7.010000000000000000e+02
2.000000000000000000e+00
7.491000000000000000e+03
1.060000000000000000e+02
3.000000000000000000e+00
7.491000000000000000e+03
1.654000000000000000e+04
3.000000000000000000e+00
4.660000000000000000e+02
1.654000000000000000e+04
1.171000000000000000e+03
4.660000000000000000e+02
2.000000000000000000e+00
1.000000000000000000e+00
1.171000000000000000e+03
2.000000000000000000e+00
6.430000000000000000e+02
3.300000000000000000e+01
1.000000000000000000e+00
6.430000000000000000e+02
4.660000000000000000e+02
3.300000000000000000e+01
2.630000000000000000e+02
4.660000000000000000e+02
1.171000000000000000e+03
2.630000000000000000e+02
5.300000000000000000e+01
3.200000000000000000e+01
1.171000000000000000e+03
4.000000000000000000e+02
5.300000000000000000e+01
2.800000000000000000e+01
3.200000000000000000e+01
1.480000000000000000e+02
4.000000000000000000e+02
1.280000000000000000e+02
2.800000000000000000e+01
2.540000000000000000e+02
1.480000000000000000e+02
1.280000000000000000e+02
6.300000000000000000e+01
1.000000000000000000e+00
2.540000000000000000e+02
3.910000000000000000e+02
6.300000000000000000e+01
1.000000000000000000e+00
5.000000000000000000e+00
3.910000000000000000e+02
1.060000000000000000e+02
5.000000000000000000e+00
8.220000000000000000e+02
1.060000000000000000e+02
3.000000000000000000e+00
8.220000000000000000e+02
7.290000000000000000e+02
3.000000000000000000e+00
6.000000000000000000e+00
7.290000000000000000e+02
7.140000000000000000e+02
6.000000000000000000e+00
3.430000000000000000e+02
7.140000000000000000e+02
1.411000000000000000e+03
1.100000000000000000e+01
3.430000000000000000e+02
2.000000000000000000e+01
1.411000000000000000e+03
5.000000000000000000e+01
1.100000000000000000e+01
8.300000000000000000e+01
2.000000000000000000e+01
5.000000000000000000e+01
3.000000000000000000e+02
8.300000000000000000e+01
1.006000000000000000e+03
3.000000000000000000e+02
2.130000000000000000e+02
1.006000000000000000e+03
1.200000000000000000e+01
2.341000000000000000e+03
2.130000000000000000e+02
1.240000000000000000e+02
1.200000000000000000e+01
2.341000000000000000e+03
9.350000000000000000e+02
1.200000000000000000e+01
1.240000000000000000e+02
2.000000000000000000e+01
9.350000000000000000e+02
1.200000000000000000e+01
1.100000000000000000e+01
2.000000000000000000e+01
1.000000000000000000e+00
1.100000000000000000e+01
6.700000000000000000e+01
1.000000000000000000e+00
2.150000000000000000e+02
6.700000000000000000e+01
2.000000000000000000e+01
2.150000000000000000e+02
2.615000000000000000e+03
2.000000000000000000e+01
5.300000000000000000e+01
2.615000000000000000e+03
1.700000000000000000e+03
0.000000000000000000e+00
5.300000000000000000e+01
1.700000000000000000e+03
3.000000000000000000e+00
0.000000000000000000e+00
1.934000000000000000e+03
3.000000000000000000e+00
4.158000000000000000e+03
1.934000000000000000e+03
1.290000000000000000e+02
4.158000000000000000e+03
5.000000000000000000e+00
2.344000000000000000e+03
1.290000000000000000e+02
7.000000000000000000e+00
5.000000000000000000e+00
2.344000000000000000e+03
1.000000000000000000e+00
3.510000000000000000e+02
7.000000000000000000e+00
2.000000000000000000e+00
1.000000000000000000e+00
3.300000000000000000e+01
3.510000000000000000e+02
4.370000000000000000e+02
2.000000000000000000e+00
1.100700000000000000e+04
3.300000000000000000e+01
4.370000000000000000e+02
3.430000000000000000e+02
2.623000000000000000e+03
1.100700000000000000e+04
3.430000000000000000e+02
1.054000000000000000e+03
2.623000000000000000e+03
1.000000000000000000e+00
1.330000000000000000e+02
1.054000000000000000e+03
2.201000000000000000e+03
1.000000000000000000e+00
1.330000000000000000e+02
2.000000000000000000e+00
1.000000000000000000e+00
2.201000000000000000e+03
2.550000000000000000e+02
2.000000000000000000e+00
3.460000000000000000e+02
1.000000000000000000e+00
5.600000000000000000e+01
2.550000000000000000e+02
3.460000000000000000e+02
3.430000000000000000e+02
2.623000000000000000e+03
5.600000000000000000e+01
3.430000000000000000e+02
1.462000000000000000e+03
2.000000000000000000e+01
2.623000000000000000e+03
1.462000000000000000e+03
1.620000000000000000e+02
2.000000000000000000e+01
5.700000000000000000e+01
1.620000000000000000e+02
3.700000000000000000e+02
5.700000000000000000e+01
7.270000000000000000e+02
3.700000000000000000e+02
1.000000000000000000e+00
7.270000000000000000e+02
2.665000000000000000e+03
2.000000000000000000e+00
1.000000000000000000e+00
2.665000000000000000e+03
4.158000000000000000e+03
1.290000000000000000e+02
2.000000000000000000e+00
4.158000000000000000e+03
2.800000000000000000e+02
3.200000000000000000e+01
1.290000000000000000e+02
2.800000000000000000e+02
5.268000000000000000e+03
1.900000000000000000e+01
3.200000000000000000e+01
5.268000000000000000e+03
3.060000000000000000e+02
3.650000000000000000e+02
1.900000000000000000e+01
3.060000000000000000e+02
4.212500000000000000e+04
3.650000000000000000e+02
2.800000000000000000e+01
1.000000000000000000e+00
4.212500000000000000e+04
2.800000000000000000e+01
3.430000000000000000e+02
1.147000000000000000e+03
1.000000000000000000e+00
2.900000000000000000e+01
3.430000000000000000e+02
1.147000000000000000e+03
1.620000000000000000e+02
2.900000000000000000e+01
5.700000000000000000e+01
3.460000000000000000e+03
1.620000000000000000e+02
5.700000000000000000e+01
7.021000000000000000e+03
7.270000000000000000e+02
3.460000000000000000e+03
7.021000000000000000e+03
2.800000000000000000e+01
7.270000000000000000e+02
1.000000000000000000e+00
2.060000000000000000e+02
2.800000000000000000e+01
1.000000000000000000e+00
1.180000000000000000e+02
2.060000000000000000e+02
3.300000000000000000e+01
1.180000000000000000e+02
7.400000000000000000e+01
3.300000000000000000e+01
3.200000000000000000e+01
7.400000000000000000e+01
5.316000000000000000e+03
7.000000000000000000e+01
3.200000000000000000e+01
1.818000000000000000e+03
5.316000000000000000e+03
7.000000000000000000e+01
2.900000000000000000e+01
1.818000000000000000e+03
1.050000000000000000e+02
4.250000000000000000e+03
2.900000000000000000e+01
7.459000000000000000e+03
1.050000000000000000e+02
4.250000000000000000e+03
1.770000000000000000e+03
5.890000000000000000e+02
7.459000000000000000e+03
3.500000000000000000e+01
1.770000000000000000e+03
5.890000000000000000e+02
2.540000000000000000e+02
3.500000000000000000e+01
7.600000000000000000e+01
2.540000000000000000e+02
2.340000000000000000e+02
4.799000000000000000e+03
7.600000000000000000e+01
2.000000000000000000e+00
2.340000000000000000e+02
1.050000000000000000e+02
4.799000000000000000e+03
2.240000000000000000e+02
2.000000000000000000e+00
1.050000000000000000e+02
3.430000000000000000e+02
2.240000000000000000e+02
7.290000000000000000e+02
3.430000000000000000e+02
4.000000000000000000e+01
7.290000000000000000e+02
7.480000000000000000e+02
4.000000000000000000e+01
3.000000000000000000e+00
7.480000000000000000e+02
3.452600000000000000e+04
7.000000000000000000e+00
3.000000000000000000e+00
4.713000000000000000e+03
3.452600000000000000e+04
7.000000000000000000e+00
8.300000000000000000e+01
4.713000000000000000e+03
7.270000000000000000e+02
8.300000000000000000e+01
2.800000000000000000e+01
1.170000000000000000e+03
7.270000000000000000e+02
2.800000000000000000e+01
1.800000000000000000e+01
3.700000000000000000e+01
1.170000000000000000e+03
1.800000000000000000e+01
4.892000000000000000e+03
3.700000000000000000e+01
2.440000000000000000e+02
4.250000000000000000e+03
4.892000000000000000e+03
2.440000000000000000e+02
1.400000000000000000e+01
8.910000000000000000e+02
4.250000000000000000e+03
1.400000000000000000e+01
2.000000000000000000e+00
8.910000000000000000e+02
3.460000000000000000e+02
2.440000000000000000e+02
2.000000000000000000e+00
5.100000000000000000e+01
3.460000000000000000e+02
8.510000000000000000e+02
2.440000000000000000e+02
8.665000000000000000e+03
5.100000000000000000e+01
8.510000000000000000e+02
2.800000000000000000e+01
8.665000000000000000e+03
1.000000000000000000e+00
2.800000000000000000e+01
1.840000000000000000e+02
1.000000000000000000e+00
3.000000000000000000e+00
1.840000000000000000e+02
8.680000000000000000e+02
3.000000000000000000e+00
2.000000000000000000e+00
1.000000000000000000e+00
8.680000000000000000e+02
2.060000000000000000e+02
2.000000000000000000e+00
1.000000000000000000e+00
6.000000000000000000e+00
2.060000000000000000e+02
4.660000000000000000e+02
6.000000000000000000e+00
2.630000000000000000e+02
4.660000000000000000e+02
4.900000000000000000e+01
2.630000000000000000e+02
5.220000000000000000e+02
4.900000000000000000e+01
5.400000000000000000e+01
5.220000000000000000e+02
5.428000000000000000e+03
5.400000000000000000e+01
1.400000000000000000e+01
5.428000000000000000e+03
1.000000000000000000e+00
1.400000000000000000e+01
4.270000000000000000e+02
1.000000000000000000e+00
7.290000000000000000e+02
1.420000000000000000e+03
4.270000000000000000e+02
7.290000000000000000e+02
3.900000000000000000e+01
1.420000000000000000e+03
7.250000000000000000e+02
3.900000000000000000e+01
2.000000000000000000e+01
7.250000000000000000e+02
1.000000000000000000e+00
2.000000000000000000e+01
4.270000000000000000e+02
1.000000000000000000e+00
2.087000000000000000e+03
4.270000000000000000e+02
4.000000000000000000e+01
2.087000000000000000e+03
0.000000000000000000e+00
2.000000000000000000e+00
4.000000000000000000e+01
1.000000000000000000e+00
0.000000000000000000e+00
3.430000000000000000e+02
2.000000000000000000e+00
1.000000000000000000e+00
1.577000000000000000e+03
3.000000000000000000e+00
3.430000000000000000e+02
2.000000000000000000e+01
1.577000000000000000e+03
4.700000000000000000e+01
3.000000000000000000e+00
2.000000000000000000e+01
6.900000000000000000e+01
4.700000000000000000e+01
3.800000000000000000e+01
3.200000000000000000e+01
6.900000000000000000e+01
3.800000000000000000e+01
1.305000000000000000e+04
3.738000000000000000e+03
3.200000000000000000e+01
1.420000000000000000e+02
1.305000000000000000e+04
1.420000000000000000e+03
3.738000000000000000e+03
1.420000000000000000e+02
3.640000000000000000e+02
5.213000000000000000e+03
1.420000000000000000e+03
2.800000000000000000e+01
3.640000000000000000e+02
3.863000000000000000e+03
5.213000000000000000e+03
7.000000000000000000e+00
2.800000000000000000e+01
3.863000000000000000e+03
4.713000000000000000e+03
7.000000000000000000e+00
6.430000000000000000e+02
4.713000000000000000e+03
3.300000000000000000e+01
6.430000000000000000e+02
0.000000000000000000e+00
1.080000000000000000e+02
3.300000000000000000e+01
0.000000000000000000e+00
2.000000000000000000e+00
1.080000000000000000e+02
6.430000000000000000e+02
2.000000000000000000e+00
4.900000000000000000e+01
1.000000000000000000e+00
6.430000000000000000e+02
4.900000000000000000e+01
1.459000000000000000e+03
1.000000000000000000e+00
4.110000000000000000e+02
1.459000000000000000e+03
5.580000000000000000e+02
2.000000000000000000e+00
4.110000000000000000e+02
5.580000000000000000e+02
2.045500000000000000e+04
6.430000000000000000e+02
2.000000000000000000e+00
2.045500000000000000e+04
6.300000000000000000e+01
6.430000000000000000e+02
6.000000000000000000e+00
6.300000000000000000e+01
4.660000000000000000e+02
6.000000000000000000e+00
4.770000000000000000e+02
4.660000000000000000e+02
1.200000000000000000e+01
4.770000000000000000e+02
6.000000000000000000e+00
1.890000000000000000e+02
1.200000000000000000e+01
6.000000000000000000e+00
5.840000000000000000e+03
1.890000000000000000e+02
2.800000000000000000e+01
1.000000000000000000e+00
5.840000000000000000e+03
1.530000000000000000e+02
2.800000000000000000e+01
5.720000000000000000e+02
1.000000000000000000e+00
1.400000000000000000e+01
1.530000000000000000e+02
1.360000000000000000e+02
5.720000000000000000e+02
1.400000000000000000e+01
3.430000000000000000e+02
1.880000000000000000e+02
1.360000000000000000e+02
1.444000000000000000e+04
3.430000000000000000e+02
1.880000000000000000e+02
1.420000000000000000e+03
7.000000000000000000e+00
1.444000000000000000e+04
1.420000000000000000e+03
1.472600000000000000e+04
8.150000000000000000e+02
7.000000000000000000e+00
3.000000000000000000e+00
1.472600000000000000e+04
8.150000000000000000e+02
1.794500000000000000e+04
2.700000000000000000e+01
3.000000000000000000e+00
1.794500000000000000e+04
2.400000000000000000e+01
7.630000000000000000e+02
2.700000000000000000e+01
4.270000000000000000e+02
2.400000000000000000e+01
7.630000000000000000e+02
1.880000000000000000e+02
4.270000000000000000e+02
4.434000000000000000e+03
1.880000000000000000e+02
4.900000000000000000e+01
1.000000000000000000e+00
4.434000000000000000e+03
4.900000000000000000e+01
1.330000000000000000e+02
3.324000000000000000e+03
1.000000000000000000e+00
4.200000000000000000e+01
1.330000000000000000e+02
8.500000000000000000e+01
3.324000000000000000e+03
1.000000000000000000e+00
4.200000000000000000e+01
8.500000000000000000e+01
4.870000000000000000e+02
1.000000000000000000e+00
1.667000000000000000e+03
4.870000000000000000e+02
2.420000000000000000e+02
3.430000000000000000e+02
1.667000000000000000e+03
2.420000000000000000e+02
5.046000000000000000e+03
9.300000000000000000e+01
3.430000000000000000e+02
1.130000000000000000e+03
5.046000000000000000e+03
9.300000000000000000e+01
6.430000000000000000e+02
1.130000000000000000e+03
7.000000000000000000e+00
3.700000000000000000e+02
6.430000000000000000e+02
2.500000000000000000e+01
7.000000000000000000e+00
3.300000000000000000e+01
3.700000000000000000e+02
2.500000000000000000e+01
4.230000000000000000e+02
3.300000000000000000e+01
8.000000000000000000e+01
4.230000000000000000e+02
6.500000000000000000e+01
8.000000000000000000e+01
4.800000000000000000e+01
6.430000000000000000e+02
6.500000000000000000e+01
3.093000000000000000e+03
4.800000000000000000e+01
4.420000000000000000e+02
6.430000000000000000e+02
3.093000000000000000e+03
3.100000000000000000e+01
2.410000000000000000e+02
4.420000000000000000e+02
4.230000000000000000e+02
3.100000000000000000e+01
5.000000000000000000e+00
2.410000000000000000e+02
1.000000000000000000e+00
4.230000000000000000e+02
4.268000000000000000e+03
5.000000000000000000e+00
1.000000000000000000e+00
2.000000000000000000e+00
1.000000000000000000e+00
4.268000000000000000e+03
2.000000000000000000e+00
4.870000000000000000e+02
1.000000000000000000e+00
1.667000000000000000e+03
2.500000000000000000e+01
4.870000000000000000e+02
5.600000000000000000e+01
1.667000000000000000e+03
2.500000000000000000e+01
4.191000000000000000e+03
5.600000000000000000e+01
6.200000000000000000e+01
4.191000000000000000e+03
4.400000000000000000e+01
6.200000000000000000e+01
1.580000000000000000e+02
4.400000000000000000e+01
3.512000000000000000e+03
3.234100000000000000e+04
1.580000000000000000e+02
3.512000000000000000e+03
1.439000000000000000e+03
3.234100000000000000e+04
4.700000000000000000e+01
1.439000000000000000e+03
2.160000000000000000e+02
4.700000000000000000e+01
3.800000000000000000e+01
2.160000000000000000e+02
2.154000000000000000e+03
7.000000000000000000e+00
3.800000000000000000e+01
1.899000000000000000e+03
2.154000000000000000e+03
7.000000000000000000e+00
2.820000000000000000e+02
1.899000000000000000e+03
4.400000000000000000e+01
9.624000000000000000e+03
2.820000000000000000e+02
4.400000000000000000e+01
4.700000000000000000e+01
7.290000000000000000e+03
9.624000000000000000e+03
4.700000000000000000e+01
2.500000000000000000e+01
1.000000000000000000e+00
7.290000000000000000e+03
2.500000000000000000e+01
9.920000000000000000e+02
1.000000000000000000e+00
1.500000000000000000e+01
9.920000000000000000e+02
1.917100000000000000e+04
1.500000000000000000e+01
9.290000000000000000e+02
7.000000000000000000e+00
1.917100000000000000e+04
9.290000000000000000e+02
1.853300000000000000e+04
1.000000000000000000e+00
7.000000000000000000e+00
1.853300000000000000e+04
6.430000000000000000e+02
3.000000000000000000e+00
1.000000000000000000e+00
5.241000000000000000e+03
6.430000000000000000e+02
2.500000000000000000e+01
3.000000000000000000e+00
4.400000000000000000e+01
5.241000000000000000e+03
7.112000000000000000e+03
2.500000000000000000e+01
4.400000000000000000e+01
7.000000000000000000e+00
7.112000000000000000e+03
5.600000000000000000e+01
3.300000000000000000e+01
7.000000000000000000e+00
5.600000000000000000e+01
7.400000000000000000e+01
3.300000000000000000e+01
9.940000000000000000e+02
7.000000000000000000e+00
7.400000000000000000e+01
9.940000000000000000e+02
3.200000000000000000e+01
6.000000000000000000e+00
7.000000000000000000e+00
3.200000000000000000e+01
2.630000000000000000e+02
2.000000000000000000e+00
6.000000000000000000e+00
1.440600000000000000e+04
2.630000000000000000e+02
2.000000000000000000e+00
2.000000000000000000e+00
1.440600000000000000e+04
5.557000000000000000e+03
3.000000000000000000e+00
2.000000000000000000e+00
5.557000000000000000e+03
9.290000000000000000e+02
7.000000000000000000e+00
3.000000000000000000e+00
7.594000000000000000e+03
9.290000000000000000e+02
1.524000000000000000e+03
7.000000000000000000e+00
2.000000000000000000e+01
7.594000000000000000e+03
1.524000000000000000e+03
7.400000000000000000e+01
1.535000000000000000e+03
2.000000000000000000e+01
3.200000000000000000e+01
7.400000000000000000e+01
5.276000000000000000e+03
1.535000000000000000e+03
3.200000000000000000e+01
3.100000000000000000e+01
4.170000000000000000e+02
5.276000000000000000e+03
3.100000000000000000e+01
3.151000000000000000e+03
4.170000000000000000e+02
1.822000000000000000e+03
3.151000000000000000e+03
1.100000000000000000e+01
9.300000000000000000e+01
1.822000000000000000e+03
1.100000000000000000e+01
1.438100000000000000e+04
9.300000000000000000e+01
7.000000000000000000e+00
6.000000000000000000e+00
1.438100000000000000e+04
7.000000000000000000e+00
4.270000000000000000e+02
4.713000000000000000e+03
6.000000000000000000e+00
4.270000000000000000e+02
7.000000000000000000e+00
4.713000000000000000e+03
1.170000000000000000e+03
7.000000000000000000e+00
3.400000000000000000e+01
1.800000000000000000e+03
1.170000000000000000e+03
4.890000000000000000e+02
3.400000000000000000e+01
1.800000000000000000e+03
5.000000000000000000e+00
4.890000000000000000e+02
4.890000000000000000e+02
5.000000000000000000e+00
2.400000000000000000e+01
6.000000000000000000e+00
4.890000000000000000e+02
4.660000000000000000e+02
2.400000000000000000e+01
1.076400000000000000e+04
6.000000000000000000e+00
4.660000000000000000e+02
1.400000000000000000e+01
4.270000000000000000e+02
1.076400000000000000e+04
1.400000000000000000e+01
1.917400000000000000e+04
4.270000000000000000e+02
2.800000000000000000e+01
1.170000000000000000e+03
1.917400000000000000e+04
2.800000000000000000e+01
3.650000000000000000e+02
1.170000000000000000e+03
6.120000000000000000e+02
1.702300000000000000e+04
3.650000000000000000e+02
2.400000000000000000e+01
6.120000000000000000e+02
6.430000000000000000e+02
1.702300000000000000e+04
3.000000000000000000e+00
2.400000000000000000e+01
6.430000000000000000e+02
1.518000000000000000e+03
1.060000000000000000e+02
3.000000000000000000e+00
1.518000000000000000e+03
1.426000000000000000e+03
3.000000000000000000e+00
1.060000000000000000e+02
1.459000000000000000e+03
1.426000000000000000e+03
4.100000000000000000e+01
3.000000000000000000e+00
1.459000000000000000e+03
2.117200000000000000e+04
4.100000000000000000e+01
1.170000000000000000e+03
2.800000000000000000e+01
2.117200000000000000e+04
1.000000000000000000e+00
1.170000000000000000e+03
6.700000000000000000e+02
2.800000000000000000e+01
7.600000000000000000e+01
1.000000000000000000e+00
6.700000000000000000e+02
2.380000000000000000e+02
7.600000000000000000e+01
7.857000000000000000e+03
4.100000000000000000e+01
2.380000000000000000e+02
1.000000000000000000e+00
7.857000000000000000e+03
3.878000000000000000e+03
4.100000000000000000e+01
1.000000000000000000e+00
7.000000000000000000e+00
3.878000000000000000e+03
1.170000000000000000e+03
7.000000000000000000e+00
2.000000000000000000e+01
1.170000000000000000e+03
5.471000000000000000e+03
7.000000000000000000e+00
2.000000000000000000e+01
3.320000000000000000e+02
5.471000000000000000e+03
7.000000000000000000e+00
6.408000000000000000e+03
6.850000000000000000e+02
3.320000000000000000e+02
1.900000000000000000e+01
6.408000000000000000e+03
1.020000000000000000e+02
6.850000000000000000e+02
1.900000000000000000e+01
2.670000000000000000e+02
4.270000000000000000e+02
1.020000000000000000e+02
2.670000000000000000e+02
4.660000000000000000e+02
4.270000000000000000e+02
7.630000000000000000e+02
4.660000000000000000e+02
5.000000000000000000e+00
4.400000000000000000e+01
7.630000000000000000e+02
9.600000000000000000e+01
5.000000000000000000e+00
4.400000000000000000e+01
3.000000000000000000e+00
9.600000000000000000e+01
7.290000000000000000e+02
4.100000000000000000e+01
3.000000000000000000e+00
7.290000000000000000e+02
1.953000000000000000e+03
4.590000000000000000e+02
4.100000000000000000e+01
2.280000000000000000e+02
1.953000000000000000e+03
1.420000000000000000e+03
4.590000000000000000e+02
6.000000000000000000e+00
2.280000000000000000e+02
4.660000000000000000e+02
1.420000000000000000e+03
6.000000000000000000e+00
7.630000000000000000e+02
5.000000000000000000e+00
4.660000000000000000e+02
1.601000000000000000e+03
7.630000000000000000e+02
4.400000000000000000e+01
5.000000000000000000e+00
2.653000000000000000e+03
1.601000000000000000e+03
1.000000000000000000e+00
4.400000000000000000e+01
1.303000000000000000e+03
2.653000000000000000e+03
1.000000000000000000e+00
4.110000000000000000e+02
1.303000000000000000e+03
2.000000000000000000e+00
4.110000000000000000e+02
3.400000000000000000e+01
1.100000000000000000e+01
2.000000000000000000e+00
3.400000000000000000e+01
2.000000000000000000e+01
3.100000000000000000e+01
1.100000000000000000e+01
2.000000000000000000e+01
3.650000000000000000e+02
3.100000000000000000e+01
2.519600000000000000e+04
3.650000000000000000e+02
1.912600000000000000e+04
4.100000000000000000e+01
2.519600000000000000e+04
1.912600000000000000e+04
5.400000000000000000e+01
5.428000000000000000e+03
4.100000000000000000e+01
1.400000000000000000e+01
5.400000000000000000e+01
1.140000000000000000e+04
5.428000000000000000e+03
1.400000000000000000e+01
4.270000000000000000e+02
7.021000000000000000e+03
1.140000000000000000e+04
7.000000000000000000e+00
4.270000000000000000e+02
7.021000000000000000e+03
1.170000000000000000e+03
7.000000000000000000e+00
5.700000000000000000e+01
6.300000000000000000e+02
1.170000000000000000e+03
5.700000000000000000e+01
1.518000000000000000e+03
6.300000000000000000e+02
6.100000000000000000e+01
1.518000000000000000e+03
2.653000000000000000e+03
7.000000000000000000e+00
6.100000000000000000e+01
1.170000000000000000e+03
2.653000000000000000e+03
2.900000000000000000e+01
7.000000000000000000e+00
2.198900000000000000e+04
1.170000000000000000e+03
2.900000000000000000e+01
7.000000000000000000e+00
1.518000000000000000e+03
2.198900000000000000e+04
7.000000000000000000e+00
1.000000000000000000e+00
1.518000000000000000e+03
2.308000000000000000e+03
4.465000000000000000e+03
1.000000000000000000e+00
2.308000000000000000e+03
2.000000000000000000e+01
6.430000000000000000e+02
4.465000000000000000e+03
2.000000000000000000e+01
2.800000000000000000e+02
6.430000000000000000e+02
1.874000000000000000e+03
2.800000000000000000e+02
9.350000000000000000e+02
1.874000000000000000e+03
8.000000000000000000e+02
9.350000000000000000e+02
7.000000000000000000e+01
8.000000000000000000e+02
2.615000000000000000e+03
7.000000000000000000e+01
8.360000000000000000e+02
4.270000000000000000e+02
2.615000000000000000e+03
5.991000000000000000e+03
8.360000000000000000e+02
4.270000000000000000e+02
2.000000000000000000e+00
3.430000000000000000e+02
5.991000000000000000e+03
2.000000000000000000e+00
9.060000000000000000e+02
3.430000000000000000e+02
1.966000000000000000e+03
9.060000000000000000e+02
2.400000000000000000e+01
1.966000000000000000e+03
1.285000000000000000e+03
1.275800000000000000e+04
2.400000000000000000e+01
1.285000000000000000e+03
2.440000000000000000e+02
1.275800000000000000e+04
3.990200000000000000e+04
2.440000000000000000e+02
6.300000000000000000e+01
8.071000000000000000e+03
3.990200000000000000e+04
3.000000000000000000e+00
6.300000000000000000e+01
8.071000000000000000e+03
1.670000000000000000e+03
1.632000000000000000e+03
3.000000000000000000e+00
1.150000000000000000e+02
1.670000000000000000e+03
1.400000000000000000e+01
1.632000000000000000e+03
1.150000000000000000e+02
1.338000000000000000e+03
1.400000000000000000e+01
2.000000000000000000e+01
1.338000000000000000e+03
7.400000000000000000e+01
2.000000000000000000e+01
3.800000000000000000e+01
1.390000000000000000e+02
7.400000000000000000e+01
2.108200000000000000e+04
3.800000000000000000e+01
2.374000000000000000e+03
1.390000000000000000e+02
2.108200000000000000e+04
7.000000000000000000e+00
2.374000000000000000e+03
1.050000000000000000e+02
4.300000000000000000e+01
7.000000000000000000e+00
1.212000000000000000e+03
1.050000000000000000e+02
4.300000000000000000e+01
1.890000000000000000e+02
1.212000000000000000e+03
3.300000000000000000e+01
1.890000000000000000e+02
4.100000000000000000e+01
5.400000000000000000e+01
3.300000000000000000e+01
1.000000000000000000e+00
4.100000000000000000e+01
5.400000000000000000e+01
2.410000000000000000e+02
7.010000000000000000e+02
1.000000000000000000e+00
2.410000000000000000e+02
2.000000000000000000e+00
7.010000000000000000e+02
3.430000000000000000e+02
2.000000000000000000e+00
5.280000000000000000e+02
3.430000000000000000e+02
5.077000000000000000e+03
1.400000000000000000e+01
5.280000000000000000e+02
5.077000000000000000e+03
1.128000000000000000e+03
3.000000000000000000e+00
1.400000000000000000e+01
1.128000000000000000e+03
3.650000000000000000e+02
3.000000000000000000e+00
8.500000000000000000e+01
1.000000000000000000e+00
3.650000000000000000e+02
6.994000000000000000e+03
8.500000000000000000e+01
1.200000000000000000e+01
1.000000000000000000e+00
6.994000000000000000e+03
1.050000000000000000e+02
1.200000000000000000e+01
4.300000000000000000e+01
1.050000000000000000e+02
7.290000000000000000e+02
4.300000000000000000e+01
1.170000000000000000e+03
7.290000000000000000e+02
1.100000000000000000e+01
4.315000000000000000e+03
1.170000000000000000e+03
1.100000000000000000e+01
1.240000000000000000e+02
4.315000000000000000e+03
1.000000000000000000e+00
4.881000000000000000e+03
1.240000000000000000e+02
1.000000000000000000e+00
2.000000000000000000e+00
1.255000000000000000e+03
4.881000000000000000e+03
2.000000000000000000e+00
1.000000000000000000e+00
1.867000000000000000e+03
1.255000000000000000e+03
2.000000000000000000e+00
1.000000000000000000e+00
1.867000000000000000e+03
5.280000000000000000e+02
2.000000000000000000e+00
5.077000000000000000e+03
5.000000000000000000e+00
5.280000000000000000e+02
5.077000000000000000e+03
1.000000000000000000e+00
3.430000000000000000e+02
5.000000000000000000e+00
7.100000000000000000e+01
1.000000000000000000e+00
3.430000000000000000e+02
4.100000000000000000e+01
9.480000000000000000e+02
7.100000000000000000e+01
4.100000000000000000e+01
9.500000000000000000e+01
1.490000000000000000e+02
9.480000000000000000e+02
9.500000000000000000e+01
3.010000000000000000e+02
1.490000000000000000e+02
7.000000000000000000e+00
3.010000000000000000e+02
2.590000000000000000e+02
3.000000000000000000e+00
7.000000000000000000e+00
2.590000000000000000e+02
6.500000000000000000e+01
2.000000000000000000e+01
3.000000000000000000e+00
2.500000000000000000e+01
6.500000000000000000e+01
2.000000000000000000e+01
9.310000000000000000e+02
2.615000000000000000e+03
2.500000000000000000e+01
9.310000000000000000e+02
1.500000000000000000e+01
1.029000000000000000e+03
2.615000000000000000e+03
2.700000000000000000e+01
1.500000000000000000e+01
1.100000000000000000e+01
1.029000000000000000e+03
1.317400000000000000e+04
2.700000000000000000e+01
1.100000000000000000e+01
7.000000000000000000e+00
7.890000000000000000e+02
1.317400000000000000e+04
7.000000000000000000e+00
1.420000000000000000e+03
5.140000000000000000e+02
7.890000000000000000e+02
4.000000000000000000e+03
1.420000000000000000e+03
3.900000000000000000e+01
5.140000000000000000e+02
2.115000000000000000e+03
4.000000000000000000e+03
5.280000000000000000e+02
3.900000000000000000e+01
5.077000000000000000e+03
2.115000000000000000e+03
2.700000000000000000e+01
5.280000000000000000e+02
5.077000000000000000e+03
2.800000000000000000e+02
2.700000000000000000e+01
3.700000000000000000e+01
2.800000000000000000e+02
3.200000000000000000e+01
3.700000000000000000e+01
1.163000000000000000e+03
3.200000000000000000e+01
2.000000000000000000e+01
5.280000000000000000e+02
1.163000000000000000e+03
2.000000000000000000e+01
5.077000000000000000e+03
3.640000000000000000e+02
5.280000000000000000e+02
5.077000000000000000e+03
1.800000000000000000e+01
1.200000000000000000e+02
3.640000000000000000e+02
1.800000000000000000e+01
2.000000000000000000e+00
3.430000000000000000e+02
1.200000000000000000e+02
2.000000000000000000e+00
1.708000000000000000e+03
1.390000000000000000e+02
3.430000000000000000e+02
1.520000000000000000e+02
1.708000000000000000e+03
1.390000000000000000e+02
1.000000000000000000e+00
1.640000000000000000e+02
1.520000000000000000e+02
6.188000000000000000e+03
1.000000000000000000e+00
1.640000000000000000e+02
4.820000000000000000e+02
6.188000000000000000e+03
8.249000000000000000e+03
4.820000000000000000e+02
2.700000000000000000e+01
8.249000000000000000e+03
4.541000000000000000e+03
2.700000000000000000e+01
3.430000000000000000e+02
5.280000000000000000e+02
4.541000000000000000e+03
3.430000000000000000e+02
2.712400000000000000e+04
5.280000000000000000e+02
3.900000000000000000e+01
2.712400000000000000e+04
9.300000000000000000e+01
3.900000000000000000e+01
1.297000000000000000e+03
7.000000000000000000e+00
9.300000000000000000e+01
1.297000000000000000e+03
3.430000000000000000e+02
5.557000000000000000e+03
7.000000000000000000e+00
